03J 35.7597 0.280   0.084   0.028   0.014   0.003
04T 34.8667 0.287   0.086   0.029   0.014   0.003
07D 46.3715 0.216   0.065   0.022   0.011   0.002
25P 41.1421 0.243   0.073   0.024   0.012   0.002
33T 43.6306 0.229   0.069   0.023   0.011   0.002
35V 36.4362 0.274   0.082   0.027   0.014   0.003
37N 42.6442 0.234   0.070   0.023   0.012   0.002
42T 39.6636 0.252   0.076   0.025   0.013   0.003
46N 40.5627 0.247   0.074   0.025   0.012   0.002
4C1 39.9723 0.250   0.075   0.025   0.013   0.003
5B2 43.6267 0.229   0.069   0.023   0.011   0.002
60T 44.0017 0.227   0.068   0.023   0.011   0.002
6A8 39.3651 0.254   0.076   0.025   0.013   0.003
6F6 44.1923 0.226   0.068   0.023   0.011   0.002
73V 35.6979 0.280   0.084   0.028   0.014   0.003
92D 47.6079 0.210   0.063   0.021   0.011   0.002
93Z 39.3863 0.254   0.076   0.025   0.013   0.003
9C1 41.3676 0.242   0.073   0.024   0.012   0.002
9D4 40.7236 0.246   0.074   0.025   0.012   0.002
K00 36.9544 0.271   0.081   0.027   0.014   0.003
