CHK001  13.7438 0.218   0.073   0.036   0.007
CHK002  11.281  0.266   0.089   0.044   0.009
CHK003  11.3031 0.265   0.088   0.044   0.009
CHK004  10.7563 0.279   0.093   0.046   0.009
CHK005  7.43998 0.403   0.134   0.067   0.013
FRZ000  46.4683 0.065   0.022   0.011   0.002
FRZ001  9.24515 0.324   0.108   0.054   0.011
FRZ002  9.77558 0.307   0.102   0.051   0.010
FRZ003  7.64277 0.393   0.131   0.065   0.013
FRZ004  10.5715 0.284   0.095   0.047   0.009
FRZ005  9.20826 0.326   0.109   0.054   0.011
FRZ006  6.35148 0.472   0.157   0.079   0.016
FRZ007  7.51157 0.399   0.133   0.067   0.013
FRZ009  9.16735 0.327   0.109   0.055   0.011
FRZ010  12.6096 0.238   0.079   0.040   0.008
FRZ011  9.85816 0.304   0.101   0.051   0.010
FRZ012  8.46542 0.354   0.118   0.059   0.012
FRZ013  8.01085 0.374   0.125   0.062   0.012
FRZ014  11.2735 0.266   0.089   0.044   0.009
FRZ015  13.1129 0.229   0.076   0.038   0.008
FRZ016  7.6839  0.390   0.130   0.065   0.013
GUA001  12.7012 0.236   0.079   0.039   0.008
GUA002  13.6076 0.220   0.073   0.037   0.007
GUA003  25.4921 0.118   0.039   0.020   0.004
SKR000  43.1031 0.070   0.023   0.012   0.002
SKR001  13.4913 0.222   0.074   0.037   0.007
SKR002  9.9503  0.301   0.100   0.050   0.010
SKR003  11.0333 0.272   0.091   0.045   0.009
SKR004  8.10214 0.370   0.123   0.062   0.012
SKR005  11.0958 0.270   0.090   0.045   0.009
SKR006  9.47957 0.316   0.105   0.053   0.011
SKR007  22.5649 0.133   0.044   0.022   0.004
SKR008  15.2049 0.197   0.066   0.033   0.007
SKR009  17.9379 0.167   0.056   0.028   0.006
SKR010  11.2059 0.268   0.089   0.045   0.009
SKR011  10.8958 0.275   0.092   0.046   0.009
SKR012  11.1973 0.268   0.089   0.045   0.009
SKR013  11.8322 0.254   0.085   0.042   0.008
SKR014  8.99107 0.334   0.111   0.056   0.011
SKR015  25.2025 0.119   0.040   0.020   0.004
SKR016  14.2681 0.210   0.070   0.035   0.007
SKR017  12.5639 0.239   0.080   0.040   0.008
SKR018  12.5638 0.239   0.080   0.040   0.008
SKR019  11.1013 0.270   0.090   0.045   0.009
SKR020  32.5702 0.092   0.031   0.015   0.003
SKR021  13.1081 0.229   0.076   0.038   0.008
SKR022  21.0882 0.142   0.047   0.024   0.005
SKR023  10.3062 0.291   0.097   0.049   0.010
SKR024  11.534  0.260   0.087   0.043   0.009
SKR025  7.01791 0.427   0.142   0.071   0.014
SKR026  15.0728 0.199   0.066   0.033   0.007
SKR027  9.88803 0.303   0.101   0.051   0.010
SKR028  13.475  0.223   0.074   0.037   0.007
SKR029  10.7692 0.279   0.093   0.046   0.009
SKR030  17.6132 0.170   0.057   0.028   0.006
SKR031  9.4995  0.316   0.105   0.053   0.011
SKR032  13.3416 0.225   0.075   0.037   0.007
SKR033  8.81446 0.340   0.113   0.057   0.011
SKR034  7.43675 0.403   0.134   0.067   0.013
SKR035  14.4921 0.207   0.069   0.035   0.007
SKR036  7.06849 0.424   0.141   0.071   0.014
SKR037  9.23309 0.325   0.108   0.054   0.011
SKR038  14.7481 0.203   0.068   0.034   0.007
SKR039  14.509  0.207   0.069   0.034   0.007
SKR040  7.36006 0.408   0.136   0.068   0.014
SKR041  5.82101 0.515   0.172   0.086   0.017
SKR042  7.6978  0.390   0.130   0.065   0.013
SKR043  9.10348 0.330   0.110   0.055   0.011
SKR044  14.3927 0.208   0.069   0.035   0.007
